60446	1904
60132	1907
70051	1905
60553	1936
60467	1964
60464	1965
60465	1967
60165	1926
60430	1970
60126	1971
60083	1972
70062	1973
60062	1974
60374	1975
70033	1976
60384	1979
60121	1980
60054	1982
60380	1984
60068	1986
60008	1987
60050	1988
60199	1990
60154	1991
60194	1992
60360	170
60033	172
60374	187
60380	194
60383	199
60386	204
60388	206
60389	207
60404	230
60410	237
60414	243
60415	244
60421	250
60439	272
60442	275
60450	285
60458	297
60460	299
60462	304
60478	323
60488	336
60491	340
60497	393
60498	394
60504	413
60505	414
60510	419
60514	431
60519	436
60522	447
60523	448
60528	453
60541	478
60542	479
60364	175
60390	209
60405	232
60406	233
60420	249
60432	261
60434	263
60440	273
60447	281
60453	292
60459	298
60466	308
60473	318
60484	331
60490	339
60495	344
60513	422
60534	471
60540	477
60556	577
60559	580
60608	655
60612	659
60532	457
60543	480
60452	287
60366	178
60371	184
60387	205
60395	216
60399	225
60403	229
60408	235
60411	238
60436	265
60445	279
60448	283
60465	307
60469	312
60481	326
60502	411
60503	412
60507	416
60527	452
60533	470
60535	472
60538	475
60489	338
60422	158
60356	162
60060	180
60423	210
60394	215
60425	222
60398	224
60401	227
60426	231
60407	234
60428	256
60443	276
60444	277
60476	321
60477	322
60483	330
60486	334
60496	345
60499	408
60512	421
60516	433
60526	451
60548	485
60549	528
60552	573
60554	575
60561	582
60611	658
60467	310
60358	167
60370	183
60375	189
60381	195
60416	245
60419	248
60431	260
60441	274
60451	286
60464	306
60487	335
60530	455
60537	474
60363	174
60409	236
60361	171
60373	186
60376	190
60377	191
60051	201
60393	214
60396	221
60397	223
60412	240
60418	247
60429	258
60435	264
60437	266
60446	280
60446	1904
60454	293
60470	313
60480	325
60485	332
60492	341
60508	417
60509	418
60525	450
60529	454
60531	456
60546	483
60553	574
60562	584
60354	159
60354	179
60433	262
60482	329
60500	409
60578	614
60368	181
60402	228
60417	246
60438	267
60457	296
60461	300
60463	305
60536	473
60357	163
60359	169
60365	176
60369	182
60372	185
60378	192
60382	197
60384	200
60392	212
60400	226
60456	295
60468	311
60471	314
60472	317
60474	319
60475	320
60479	324
60506	415
60515	432
60518	435
60520	445
60521	446
60544	481
60551	572
60555	576
60557	578
60558	579
60560	581
60563	595
60564	596
60565	597
60566	598
60567	599
60568	600
60569	601
60570	602
60571	603
60572	604
60573	605
60574	606
60575	607
60576	612
60577	613
60580	616
60581	617
60582	618
60583	619
60584	620
60585	621
60586	622
60587	623
60588	624
60589	625
60590	626
60591	627
60592	628
60593	629
60594	630
60595	642
60596	643
60597	644
60598	645
60599	646
60600	647
60601	648
60602	649
60603	650
60604	651
60605	652
60606	653
60607	654
60609	656
60610	657
60613	660
60427	242
60355	161
60449	284
60379	193
60413	241
60430	259
60455	294
60493	342
60501	410
60517	434
60539	476
60547	484
60550	571
60494	343
60511	420
60198	64
60081	211
60289	88
60207	66
60579	615
99999	969
90002	396
90001	395
70244	468
70243	467
70242	466
70241	465
70240	464
70239	463
70238	460
70237	440
70236	439
70235	438
70234	437
70233	430
70232	427
70231	407
70230	406
70229	403
70228	402
70227	397
70225	384
70224	381
70223	380
70222	379
70221	378
70220	377
70219	376
70218	374
70217	373
70216	372
70215	371
70214	370
70213	98
70212	359
70211	356
70209	354
70208	352
70207	349
70206	328
70205	327
70204	309
70203	291
70202	290
70201	289
70200	288
70199	278
70198	255
70197	254
70196	251
70195	220
70194	219
70193	166
70192	165
70191	164
70190	449
70189	155
70188	151
70187	149
70186	144
70185	142
70184	141
70183	139
70182	136
70181	135
70180	128
70179	127
70178	124
70177	71
70176	119
70175	337
70174	114
70173	333
70172	110
70171	106
70170	107
70169	103
70168	92
70167	91
70164	57
70163	56
70162	55
70161	44
70160	35
70159	34
70157	188
70153	570
70131	156
70130	41
70129	45
70128	46
70127	47
70126	80
70125	36
70124	49
70123	51
70122	52
70121	59
70120	61
70119	548
70118	39
70117	68
70116	70
70115	72
70114	73
70113	74
70112	75
70111	76
70110	77
70109	78
70107	145
70106	79
70103	87
70087	739
70084	81
70083	761
70077	82
70076	83
70072	567
70070	569
70068	84
70067	568
70055	95
70034	157
70032	85
70029	355
70028	122
70014	10
70002	9
50004	540
30004	8
30003	6
30001	7
10010	11
10017	12
17009	112
17011	123
17012	563
17012	1590
17013	564
17021	565
17022	566
17024	125
17027	28
17028	50
17034	115
17035	126
17038	42
17040	129
17050	43
17051	67
17053	137
17055	138
17057	48
17059	146
17059	150
17060	53
17061	118
17062	152
17062	153
17064	147
17064	154
17069	143
17071	202
17071	203
17075	65
17076	58
17077	217
17077	218
17078	268
17078	269
17079	270
17079	271
17080	301
17080	302
17081	252
17081	253
17082	315
17082	316
17083	346
17084	40
17090	347
17092	60
17093	348
17095	350
17095	351
17097	357
17097	358
17098	360
17098	361
17105	29
17107	54
17109	62
17110	69
17111	461
17111	462
17114	362
17121	363
17127	364
17130	365
17130	366
17132	367
17132	368
17134	375
17135	86
17138	382
17138	383
17140	30
17144	386
17144	387
17146	388
17146	389
17151	390
17152	398
17159	391
17160	392
17160	1672
17161	400
17161	401
17167	404
17167	405
17168	423
17168	424
17176	425
17176	426
17177	32
17181	428
17181	429
17182	37
17188	441
17188	442
17190	443
17190	444
17192	458
17192	459
17200	89
17205	90
17212	108
17216	33
17236	111
17238	109
17247	104
25008	786
25008	968
25006	498
25006	500
25005	497
25005	499
25004	491
25004	487
25003	490
25002	489
25001	486
20267	488
20266	492
20265	493
20264	494
20264	495
20263	496
20262	502
20262	508
20261	503
20260	512
20259	504
20258	505
20258	506
20257	509
20256	519
20255	510
20254	511
20254	527
20253	514
20252	516
20251	517
20250	518
20249	520
20248	529
20247	530
20246	531
20245	532
20245	534
20244	538
20244	544
20243	533
20242	535
20241	536
20240	513
20239	100
20238	515
20237	521
20237	549
20236	522
20235	523
20234	524
20233	525
20232	526
20231	545
20230	546
20229	547
20228	550
20227	551
20226	552
20226	585
20225	553
20224	554
20223	555
20223	586
20222	556
20222	587
20221	557
20221	588
20220	558
20220	590
20219	559
20218	560
20217	561
20217	591
20216	562
20216	589
20215	592
20214	593
20214	608
20213	594
20213	636
20212	609
20212	671
20211	610
20211	637
20210	611
20210	638
20209	633
20208	634
20208	667
20207	635
20206	639
20206	669
20206	670
20205	640
20205	668
20204	641
20203	661
20202	662
20201	663
20200	664
20200	672
20199	665
20198	666
20198	673
20197	674
20197	680
20196	675
20196	681
20195	676
20194	677
20193	678
20192	679
20191	682
20191	694
20190	683
20189	684
20189	695
20188	685
20187	686
20187	696
20186	687
20186	697
20185	688
20184	689
20184	706
20183	690
20183	707
20182	691
20182	708
20181	692
20181	709
20180	693
20180	710
20179	711
20179	733
20178	712
20178	732
20177	713
20177	734
20176	714
20175	715
20174	716
20174	735
20173	717
20172	718
20172	736
20171	719
20170	720
20170	737
20169	721
20168	722
20168	738
20167	723
20166	724
20166	740
20165	725
20164	726
20163	727
20162	728
20161	729
20160	730
20160	762
20159	731
20158	537
20158	763
20157	541
20157	781
20156	787
20155	542
20155	782
20154	741
20153	742
20153	783
20152	743
20151	744
20150	745
20150	784
20149	746
20148	747
20147	748
20147	785
20146	749
20145	750
20144	751
20143	752
20143	792
20142	753
20141	754
20140	755
20140	788
20139	756
20139	789
20138	757
20137	758
20137	790
20136	759
20136	791
20135	760
20135	793
20134	770
20133	771
20132	772
20132	794
20131	773
20131	796
20130	774
20129	775
20129	797
20128	776
20128	798
20127	777
20127	799
20126	778
20126	800
20125	779
20125	801
20124	780
20124	802
20123	803
20123	813
20122	804
20121	805
20120	806
20120	814
20119	807
20118	808
20118	815
20117	809
20116	810
20115	811
20115	816
20114	812
20114	817
20113	818
20113	851
20112	819
20112	852
20111	820
20110	821
20110	854
20109	822
20109	855
20108	823
20107	824
20107	856
20106	825
20105	826
20105	853
20104	827
20104	857
20103	828
20102	829
20102	858
20101	830
20101	859
20100	831
20100	860
20099	832
20098	833
20097	834
20097	861
20096	835
20096	862
20095	836
20094	837
20093	838
20092	839
20092	943
20091	840
20090	841
20090	944
20089	842
20089	945
20088	843
20087	844
20086	845
20085	846
20085	947
20084	847
20084	948
20083	848
20083	949
20082	849
20081	850
20080	863
20079	864
20078	865
20077	866
20076	867
20076	950
20075	868
20075	951
20074	869
20074	953
20073	870
20073	954
20072	871
20072	955
20071	872
20071	956
20070	873
20070	957
20069	874
20068	875
20068	958
20067	876
20067	959
20066	877
20066	960
20065	878
20064	879
20063	880
20062	881
20062	961
20061	882
20060	883
20060	963
20059	884
20058	885
20057	886
20056	887
20055	888
20055	964
20054	889
20054	965
20053	890
20053	966
20052	891
20051	892
20051	967
20050	893
20049	894
20048	895
20047	896
20046	897
20045	898
20045	970
20044	899
20043	900
20043	971
20042	901
20042	972
20041	902
20041	973
20040	903
20039	904
20038	905
20037	906
20037	975
20036	907
20036	978
20035	908
20035	976
20034	909
20033	910
20033	977
20032	911
20032	980
20031	912
20031	981
20030	913
20030	979
20029	914
20028	915
20027	916
20026	917
20025	918
20024	919
20024	1008
20023	920
20022	921
20021	922
20020	923
20020	1009
20019	924
20019	1011
20018	925
20017	926
20017	1010
20016	927
20016	1012
20015	928
20014	929
20014	1013
20013	930
20013	1014
20012	931
20012	1015
20011	932
20011	1348
20010	933
20010	1347
20009	934
20008	935
20008	1346
20007	936
20006	937
20005	938
20005	1394
20004	939
20004	1395
20003	940
20003	1396
20002	941
20002	1397
20001	942
26001	982
26002	989
26002	1398
26003	986
26003	1399
26004	1016
26004	1400
26005	1001
26005	1401
26006	1017
26006	1431
26008	1320
26008	1432
26018	994
26019	996
26019	1542
26020	1002
26020	1625
26021	1343
26021	1626
26024	985
26024	1541
26031	1005
26031	1628
26033	1007
26034	1019
26034	1627
26035	1020
26035	1629
26038	1309
26038	1630
26043	1334
26043	1631
26044	1336
26044	1632
26050	1359
26050	1633
26051	1362
26052	1335
26057	1373
26057	1634
26058	1374
26058	1635
26059	1378
26059	1636
26061	1382
26061	1638
26062	1383
26062	1637
26063	1384
26065	1387
26067	1392
26070	1453
26071	1487
26072	1405
26073	1407
26073	1640
26074	1506
26075	1509
26075	1641
26076	1560
26077	1580
26078	1582
26079	1596
26080	1598
26045	1337
26045	1642
26046	1344
26046	1643
26048	1350
26048	1644
26081	1031
26088	1423
26088	1645
26090	1430
26091	1435
26092	1436
26092	1648
26022	1365
26097	1447
26100	1454
26100	1646
26101	1461
26101	1647
26114	1482
26118	1494
26118	1649
26119	1495
26124	1508
26127	1514
26127	1650
26093	1439
26093	1654
26104	1464
26104	1659
26069	1459
26132	1522
26132	1658
26135	1526
26149	1551
26149	1657
26153	1559
26056	1372
26056	1660
26084	1411
26084	1662
26032	1006
26032	1663
26036	1021
26036	1661
26128	1515
26137	1528
26138	1530
26138	1664
26158	1574
26158	1665
26162	1576
26162	1666
26029	1018
26029	1669
26047	1345
26047	1670
26094	1438
26094	1667
26103	1463
26103	1668
26115	1483
26115	1671
26130	1518
26165	1588
26165	1675
26178	1608
26178	1673
26086	1420
26102	1462
26102	1674
26167	1592
26167	1711
26030	1364
26105	1465
26134	1525
26134	1712
26168	1593
26012	1342
26010	984
26014	1354
26013	1323
26164	1584
26164	1714
26144	1544
26144	1715
26110	1470
26110	1716
26087	1422
26087	1717
26188	121
26188	1718
26189	1033
26189	1742
26190	1027
26190	1743
26193	1404
26131	1519
26131	1744
26163	1583
26155	1565
26155	1745
26197	1426
26109	1469
26109	1748
26150	1552
26150	1747
26095	1440
26095	1749
26126	1513
26126	1746
26096	1441
26160	1577
26121	1501
26184	1618
26174	1603
26146	1548
26142	1536
26106	1466
26111	1471
26122	1502
26122	1753
26140	1532
26140	1752
26181	1624
26181	1754
26113	1478
26113	1764
26187	1032
26171	1599
26159	1575
26116	1492
26169	1594
26151	1553
26151	1755
26039	1316
26039	1756
26037	1025
26037	1757
26098	1451
26098	1758
26040	1318
26040	1760
26042	1333
26042	1761
26042	1769
26120	1497
26120	1762
26123	1507
26009	1321
26007	369
26180	1615
26025	988
26156	1569
26156	1765
26177	1607
26177	1767
26170	1597
26170	1768
26083	1409
26083	1766
26085	1418
26085	1770
26053	1367
26053	1771
26054	1368
26054	1772
26112	1473
26112	1773
26136	1527
26136	1774
26152	1555
26152	1776
26011	1317
26154	1556
26154	1778
26107	1467
26107	1777
26023	501
26023	1775
26015	1377
26028	998
26028	1779
26141	1534
26141	1780
26125	1510
26125	1840
26133	1523
26133	1841
26016	1022
26148	1550
26148	1843
26089	1428
26089	1844
26068	1390
26068	1845
26017	992
26027	995
26027	1846
26176	1606
26191	1028
26191	1842
26161	1578
26161	1847
26143	1537
26055	1371
26157	1571
26157	1848
26026	991
26026	1849
26041	1327
26041	1944
26172	1601
26172	1942
26139	1531
26147	1549
26147	1940
26082	1408
26082	1850
26060	1380
26060	1943
26060	2014
26049	1353
26049	1941
26186	1623
26186	1945
26129	1516
26145	1547
26145	1946
26108	1468
26108	1947
26099	1452
26099	1948
26117	1493
26117	1949
26066	1389
26066	1950
26066	2045
26175	1605
26175	1951
26183	1616
26299	1491
26064	1386
26198	983
26199	987
26200	990
26201	993
26202	997
26203	999
26204	1000
26205	1003
26206	1004
26207	1023
26208	1024
26209	1026
26210	1029
26211	1030
26212	1034
26213	1305
26214	1306
26215	1307
26216	1308
26217	1310
26218	1311
26219	1312
26220	1313
26221	1314
26222	1319
26223	1322
26224	1324
26225	1325
26226	1326
26227	1328
26228	1329
26229	1330
26230	1331
26231	1332
26232	1338
26233	1339
26234	1340
26235	1341
26236	1351
26237	1352
26238	1349
26239	1355
26240	1356
26241	1357
26242	1358
26243	1360
26244	1361
26245	1363
26246	1366
26247	1369
26248	1370
26249	1375
26250	1376
26251	1379
26252	1381
26253	1385
26254	1388
26255	1391
26256	1393
26257	1406
26258	1410
26259	1412
26260	1413
26261	1414
26262	1415
26263	1416
26264	1417
26265	1419
26266	1421
26267	1424
26268	1425
26269	1427
26270	1429
26271	1433
26272	1434
26273	1437
26274	1442
26275	1443
26276	1444
26277	1445
26278	1446
26279	1448
26280	1449
26281	1450
26282	1455
26283	1456
26284	1457
26285	1458
26286	1460
26287	1472
26288	1474
26289	1475
26290	1476
26291	1477
26292	1479
26293	1480
26294	1481
26295	1484
26296	1485
26297	1486
26298	1490
26300	1496
26301	1499
26302	1500
26303	1503
26304	1504
26305	1505
26306	1498
26307	1511
26308	1512
26309	1517
26310	1520
26311	1521
26312	1524
26313	1529
26314	1533
26315	1535
26316	1538
26317	1539
26318	1540
26319	1543
26320	1545
26321	1546
26322	1554
26323	1557
26324	1558
26325	1561
26326	1562
26327	1563
26328	1564
26329	1566
26330	1567
26331	1568
26332	1570
26333	1572
26334	1573
26335	1579
26336	1581
26337	1585
26338	1586
26339	1587
26340	1589
26341	1591
26342	1595
26343	1600
26344	1610
26345	1611
26346	1609
26347	1612
26348	1617
26349	1619
26350	1620
26351	1622
26196	1604
26173	1602
26179	1613
26182	1614
26185	1621
26192	1315
26195	1489
26194	1488
40001	1676
40002	1677
40003	1678
40003	1719
40004	1679
40005	1680
40005	1720
40006	1681
40006	1721
40007	1682
40007	1713
40007	1751
40008	1683
40008	1722
40008	1750
40009	1684
40009	1723
40010	1685
40010	1724
40011	1686
40011	1725
40012	1687
40013	1688
40013	1726
40014	1689
40014	1727
40015	1690
40015	1728
40016	1691
40017	1692
40017	1729
40018	1693
40019	1694
40019	1730
40020	1695
40021	1696
40021	1731
40022	1697
40022	1732
40023	1698
40023	1733
60515	1699
40025	1700
40025	1734
40026	1701
40026	1735
40027	1702
40028	1703
60528	1704
60528	1736
40030	1705
40030	1737
40031	1706
40031	1738
40031	1759
40032	1707
40033	1708
40033	1739
40034	1709
40034	1740
40035	1710
40035	1741
41051	1883
41002	1808
41002	1953
41003	1810
41004	1813
41005	1814
41006	1815
41006	1954
41007	1817
41007	1955
41008	1818
41008	1956
41009	1819
41009	1957
41010	1820
41010	1958
41011	1821
41011	1952
41012	1822
41013	1823
41013	1959
41014	1824
41014	1960
41015	1825
41015	1961
41016	1826
41017	1827
41017	1962
41018	1828
41019	1851
41019	2046
41020	1852
41021	1853
41024	1856
41024	2022
41111	1978
41113	1983
41025	1857
41026	1858
41026	2023
41027	1859
41027	2024
41120	2001
41029	1861
41029	2047
41029	2060
41122	2002
41031	1863
41031	2061
41032	1939
41033	1865
60170	2025
41035	1867
41035	2050
60070	1977
41036	1868
41036	2051
41143	2037
41037	1869
41037	2052
41022	1854
41030	1862
41030	2048
41039	1871
41023	1855
41023	1963
41034	1866
41034	2049
41028	1860
60559	1985
41040	1872
41123	2003
41058	1890
41038	1870
41041	1873
60607	2039
41042	1874
41042	2053
41043	1875
41048	1880
41128	2012
41044	1876
41046	1878
41046	2054
41045	1877
41118	1999
41047	1879
41047	2055
41049	1881
41049	2062
41049	2063
41050	1882
41129	2016
41001	1816
41052	1884
41052	2056
41053	1885
41115	1993
41054	1886
41054	2057
41054	2079
41055	1887
41055	2058
41138	2036
41056	1888
41057	1889
41057	2059
41057	2078
41127	1996
41059	1891
41059	2064
41060	1892
41060	2065
41061	1893
41061	2066
41064	1896
41064	2067
41062	1894
41130	2017
41137	2035
41063	1895
41063	2068
41063	2083
41065	1897
41131	2018
41066	1898
41066	2069
41067	1899
41067	2073
41068	1900
41068	2070
41082	1914
41069	1901
41069	2071
41070	1902
41077	1909
41071	1903
41134	2030
41072	2040
41072	2072
41074	1906
41076	1908
41136	2034
41078	1910
41079	1911
41125	2006
41080	1912
41141	2031
41084	1916
41084	2074
41085	1917
41085	2075
41086	1918
41088	1920
41087	1919
41089	1921
41132	2026
41090	1922
41090	2077
41091	1923
41092	1924
41092	2081
41135	2033
41096	1928
41093	1925
41093	2082
41109	1968
41095	1927
41097	1929
41097	2084
41133	2028
41098	1930
41101	1933
41101	2085
41102	1934
41081	1913
41124	2005
41104	1937
41104	2086
41100	1932
41105	1938
41126	2007
41083	1915
41106	1864
41107	1969
41107	2087
41119	2000
89001	1781
89002	1782
89003	1783
89004	1784
89005	1785
89006	1786
89007	1787
89008	1788
89009	1789
89010	1790
89011	1791
89012	1792
89013	1793
89014	1794
89015	1795
89016	1796
89017	1797
89018	1798
89019	1799
89020	1800
89021	1801
89022	1802
89023	1803
89024	1805
89025	1806
89026	1807
89027	1809
89028	1811
89029	1812
89030	1829
89031	1830
89032	1831
89033	1832
89034	1833
89035	1834
89036	1835
89037	1836
89038	1837
89039	1838
89040	1839
89041	1931
89042	1989
89043	1994
89044	1995
89045	1998
89046	1997
89047	1966
89048	1981
89049	2004
89050	2009
89051	2008
89052	2010
89053	2011
89054	2019
89055	2020
89056	2021
89057	2027
89058	2029
89059	2038
